11
10
0 7 59.357194544174334
0 5 3.4818158712207854
0 2 68.2860389675761
1 3 2.9475438628997
2 10 2.1562893814462827
3 4 6.690004878604477
3 6 54.40284523850713
3 7 21.07546363841655
5 9 41.75217441476799
6 8 8.338665750258748
3
6 4 116.88943444229561 1.0170863574827422 9.231761221414537 135.01021245276806 7.099321047820886
3 10 56.66819409962972 1.561104625841167 5.407797332966208 78.94183607661176 8.978549688868025
4 2 8.71918572113779 3.5810191746110034 2.3241540000356986 22.054521926567876 8.606908037988397
