34
78
0 1 3.362871632220402
0 2 40.89784506674888
0 3 76.30998262676114
0 4 36.33864000874632
0 5 41.8957441956146
0 6 53.1047089866123
0 7 7.471585056027856
0 8 8.370264228032362
0 10 86.72079493343038
0 11 89.53448802632671
0 12 18.242367949509344
0 13 74.44530828466768
0 17 92.80690390373908
0 19 99.36498101690032
0 21 70.90058724629847
0 31 72.18784178514379
1 2 19.602970171388332
1 3 17.147341986035286
1 7 18.858791420615766
1 13 25.602929182537288
1 17 75.98020034254328
1 19 28.50864986118529
1 21 15.27351853668209
1 30 78.45923597654925
2 3 9.219969284341891
2 7 29.4858833308555
2 8 71.21793774561033
2 9 70.74764182403457
2 13 82.78261202892864
2 27 29.746818623341674
2 28 69.73372801493898
2 32 77.09012486666738
3 7 12.107164564874871
3 12 45.06683292144707
3 13 16.794033097380776
4 6 53.321678755875155
4 10 35.71831893065078
5 6 35.80211102739307
5 10 74.57018444269976
5 16 7.311700598724603
6 16 14.587576418037422
8 30 16.52723375117685
8 32 37.67511390158082
8 33 41.350294675904934
9 33 21.642137911482656
13 33 74.0309433222219
14 32 14.40194455605146
14 33 13.633157943386747
15 32 92.82586607544326
15 33 71.55000565855454
18 32 6.949086085566606
18 33 32.98726564746103
19 33 3.6783662023230357
20 32 74.24100598503253
20 33 87.69845907941871
22 32 27.562482927254326
22 33 96.36181042116873
23 25 36.690788221729804
23 27 75.30509789002384
23 29 69.37035102416502
23 32 88.61952036267027
23 33 36.22577031834173
24 25 3.536830040178872
24 27 11.832242650154368
24 31 48.87649311646379
25 31 61.80368955585985
26 29 16.057292174680178
26 33 69.91821507619215
27 33 95.32284219449647
28 31 96.04268576960762
28 33 4.189348279729153
29 32 21.05988159014324
29 33 51.86728979643009
30 32 78.78717404512919
30 33 62.37020651523972
31 32 80.12203656831385
31 33 4.7721959043627695
32 33 17.756450634463427
13
11 17 52.1938175993711 4.841115203048766 9.518847424672575 150.0946279554997 6.3863359432138544
9 24 74.96937352761834 5.519800713457357 7.562782357046931 208.58902132169695 4.03645570542702
20 27 379.36796146228465 5.668913446743658 4.497256285836185 413.64289681355103 2.2304354983538484
13 6 17.067657237933652 9.356148121176984 7.98976503888041 585.6946288782984 2.682195280455821
29 31 14.060141765867332 7.059314223944257 8.971445113452948 231.36852570097273 6.986420019347723
31 23 53.37070831630095 4.235970426813349 3.6259993009687235 276.130413284352 3.3211679656017408
19 15 109.73188399007759 3.113564971831599 5.618323758016296 181.04921200332163 5.206248406329708
12 19 5.279516075388385 2.288506864150457 3.400893084754821 71.15781133654274 4.5420009310189915
14 12 498.78118816770683 2.3605730716076647 9.79215433399361 522.921906261272 3.3133547633569074
16 27 34.677038770818186 1.9553451950305634 3.2077966147719463 100.1625374933494 5.385545709475724
22 15 151.7749103555586 8.737631504711178 9.871458797313213 289.0339228632426 3.9541334442357874
22 20 129.28022309910835 6.5391042219757 8.2444474480237 178.76939234263253 8.233777589014458
32 29 3.8534868977854546 8.405755762985581 2.072978149490769 53.07113256642834 7.403934299686212


6
15
0 1 88.1883115212574
0 2 92.61167923132585
0 3 44.593563655506586
0 4 98.43354978295204
0 5 52.28386378440189
1 2 7.739419666600307
1 3 86.28679050780262
1 4 18.822353800063027
1 5 83.97749828056051
2 3 8.391875214607959
2 4 21.96643038646313
2 5 39.4015744081534
3 4 46.8721494984513
3 5 51.475957766524076
4 5 71.21143019173276
3
0 2 38.6154629715165 6.619276072738873 8.596102388741985 141.67010990889108 7.898195658981456
5 2 50.93471496333694 4.645578776836741 9.39466391657601 165.30832477377865 9.50120636220612
4 0 186.65472300066102 4.264806155017311 6.177537283439809 196.0490093705952 6.586818824532121

4
6
0 1 10
0 2 3 
0 3 7
1 2 6
1 3 9
2 3 11
2
0 3 6 1 2 10 3
2 1 2 2 1 20 2


28
180
0 2 9.8421517973376
0 3 28.54571904131423
0 4 39.46361854876083
0 6 14.648814412510498
0 16 50.58926634139653
0 17 94.50830574082926
0 18 49.86434093498679
0 21 59.08157154576768
0 23 59.17319073702903
0 25 39.65602874896554
1 4 66.71105448604953
1 5 24.065436980117543
1 6 33.41425737589365
1 9 49.069527620998976
1 11 77.69372476042415
1 12 14.376771732233058
1 15 50.257240923022174
1 17 11.364555099013213
1 18 91.76955159341547
1 20 51.113392865172344
1 21 39.964269068008285
1 27 2.6944133939571255
2 3 90.24700198178792
2 6 47.87073935216784
2 9 66.70244158916876
2 12 49.85821556801946
2 14 87.17939492312559
2 16 38.277557922238486
2 18 25.264629009856257
2 19 42.2481454274754
2 21 63.586038363380105
2 22 84.06579817071989
2 24 83.80632698211373
2 26 44.17290960769135
3 5 56.71266095802075
3 6 22.45994204782185
3 7 92.76151007382195
3 8 48.61574173255371
3 9 74.35864959389963
3 11 16.85450328799862
3 12 68.67533455066258
3 13 29.098578406553575
3 14 23.405806300451378
3 15 26.86306670503096
3 16 69.96157022649359
3 17 7.946661037724498
3 20 36.79836572486535
3 21 21.350684300952466
3 22 41.96108781052932
3 24 99.83560392927738
3 25 19.370089326756226
3 26 42.5174038547877
4 7 74.07492787683354
4 12 94.55931582573304
4 13 76.43630347326804
4 16 33.15560422694492
4 18 12.809603284945911
4 21 77.63183281254396
4 26 8.744572904284484
4 27 71.55333669519737
5 7 64.15923341968343
5 9 98.59587457967221
5 10 1.957234547998166
5 12 32.04982256936353
5 13 53.43040373214545
5 15 22.098557718455243
5 17 42.263442933287955
5 24 56.468183127255536
5 27 20.467068573987127
6 7 68.65455874188969
6 14 85.99709203561063
6 19 50.22096152368082
6 21 1.0485325848146476
6 22 30.91869242429527
6 25 15.02415856069735
6 26 97.88881609738134
7 8 36.6822404716195
7 9 88.64551471563638
7 11 53.30868111234745
7 14 45.53397647824272
7 15 27.253586266848558
7 17 96.50682076739979
7 18 72.4795222790741
7 21 8.511988771909827
7 22 35.69327898112603
7 23 4.4584020191300215
7 26 47.134759379895456
7 27 60.21982973522191
8 11 92.9738950615461
8 12 58.64310674755635
8 16 29.82795736208771
8 19 74.78630944178822
8 20 33.11423031254003
8 22 9.578031655653128
8 23 49.09948383801953
8 25 34.12206631909686
9 11 24.128702073922433
9 14 57.91435790813478
9 17 53.23257578050098
9 18 63.64745651895633
9 20 77.30022806696662
9 23 74.28677375402003
9 24 15.290350323208175
9 25 34.06544658419086
9 26 77.84056093763962
9 27 47.32195387379181
10 11 7.481797375097631
10 12 59.132227775697324
10 13 78.57440272284263
10 14 23.645158611545416
10 15 68.68805063770742
10 16 34.08792055845905
10 17 78.99953372711977
10 18 79.0889160538995
10 24 82.4254273860399
10 25 70.81493587801204
10 27 37.29042789024626
11 12 47.48210496780862
11 15 45.27296335425839
11 16 26.92890748038852
11 21 29.045648611996086
11 24 1.8343508439493976
11 26 46.58907135409703
12 13 32.893319946208194
12 15 95.38731339100718
12 19 77.14835601065744
13 14 4.4165645741298905
13 15 87.44336511696815
13 16 36.37325654482292
13 17 2.1076268540860537
13 18 56.91612508841667
13 21 82.55761599932012
13 23 27.19687967029238
14 15 86.01074348266137
14 17 38.84477714968369
14 18 91.03694684442651
14 21 28.722932064050912
14 22 21.89663124036496
14 23 72.11915996318864
14 24 1.6072155135583341
14 25 19.381929362128012
14 27 14.893718716729639
15 16 88.06643364602353
15 17 93.08450159326762
15 19 47.497170987860386
15 23 1.0113391214026386
15 24 32.717647826851504
15 25 86.35097662447362
15 26 2.5772223884352745
15 27 78.83077466353122
16 17 40.86523174381915
16 22 66.86125756689748
16 24 71.7737775027492
17 18 14.570993925576657
17 22 41.696172949204524
17 24 97.7924994200103
17 25 98.9053803146608
17 26 49.0713802287362
17 27 49.64689594495771
18 20 93.03912517052119
18 21 91.40439085324643
18 22 51.69769666252567
18 23 92.04951539772624
18 25 41.80340084058546
18 26 59.55966770870167
18 27 76.26351120616496
19 20 89.7611599292274
19 26 22.519179514790245
20 21 48.026720788481704
20 22 37.942999050079216
20 25 68.27502873334848
20 27 62.79027683868906
21 22 28.79364922398203
21 23 99.19295514599028
21 27 45.80702404415536
23 24 24.663726920493026
23 25 13.525464407802547
23 26 44.02537556286277
23 27 17.079814219509856
25 26 30.39690443726682
12
9 7 203.7258916073453 6.498905977010162 4.0960123146025635 430.4965624226927 2.4451885636310187
3 27 0.32207185738961347 2.424986250325363 4.969025423565275 86.28304885366784 9.945773464013401
1 7 17.337516417569404 3.485785614431064 1.091338063822949 29.44812914043459 7.042752659159169
23 10 29.623072496943884 4.722565276684015 2.4431994171986933 383.9462613672897 1.5335293479647314
1 12 38.480824155151325 3.9689838165771185 3.4418956699250196 93.49689433104844 8.099560605450208
16 25 30.035832961718835 4.960848466816765 8.873652328676336 276.4647918471425 9.080087204889736
24 1 36.28061856462598 6.049112021794136 7.509243578475338 103.10913112635741 8.21896627504233
27 25 57.29128617698375 6.157185734187898 3.7224225528592334 77.14635047008068 8.982428352710125
18 1 55.65249179079755 4.3909164322742935 4.693728147302028 132.64778248598023 4.572833705599943
6 20 14.706479068973032 7.729433417833502 7.862364539305452 229.26568526881417 8.00544212045335
19 12 166.77838549824605 4.9262658198981555 9.903670226175416 621.4947760474349 1.898806326498492
16 22 24.226183613896072 9.3370252284971 7.338061135587226 163.27492498815988 6.4390479890671415

10
20
0 2 69.86251763896395
0 3 19.72947070595535
0 9 41.266089549235545
1 3 88.96676835633201
1 5 36.43666583249177
1 6 45.9679713349288
1 7 72.42594092569762
1 9 16.471218849479136
2 3 59.84527157391096
2 5 1.3284131512466217
3 4 90.41764913766114
3 9 42.839795732219244
4 5 87.22082622244771
4 9 9.624939820689418
5 6 51.88038850466284
5 7 30.454724818890238
5 8 98.1003916282954
5 9 64.37847521003748
6 7 21.64966439214022
7 9 50.62462656999447
5
2 7 117.2147325799583 6.527206304601749 4.228187464242065 148.55594152410583 4.466197832903644
7 8 106.54544262527442 9.25662781288979 3.5334683988564937 182.48274088008742 5.559012653759785
4 3 11.956073424882215 2.3346054139610666 9.954656575063357 203.38535985639174 8.234555578677897
1 0 14.659905509707748 6.2233358311864055 2.6410244655206117 144.68823974610586 3.881906570287451
1 0 1680.7476346247872 7.312150494989074 9.64163411929571 2092.7439547280014 1.159689820334897

12
11
0 4 41.76644206661151
1 6 67.31656941986758
2 6 1.1513975514771102
2 8 40.70707532155381
2 7 86.37891315399757
3 7 24.05674232086707
3 10 66.38241286380676
4 10 68.63362109164068
4 9 2.935637157824319
5 8 77.03033972515533
9 11 80.11198800351202
3
0 1 251.7956379881343 9.13465998604089 7.801137170199946 275.7161644936243 3.971117768242615
3 1 13.877798973951844 3.21048446148314 1.8392745730813251 92.52835963410617 3.320340473209568
10 5 54.865847042879466 5.148004061141419 2.5071169060196015 62.38578842849635 7.127569907044471
